Kings-MacBook-Pro:StarLab kinglam$ python3 main.py 

_name: beam1
_initialPos: [0, 0.3]
theta: 0.20943951023931956
_gradient: 0.21255656167002213
_intercept: 0.3
_beamEquation: [1, -4.704630109478455, 1.4113890328435363]
incidentAngle: 0.20943951023931953
ExitAngle: 0.1455000682301448

_name: beam2
_initialPos: [14.480728462617874, 3.3779738524912806]
theta: 0.1455000682301448
_gradient: 0.14653559665087768
_intercept: 1.2560316672822238
_beamEquation: [1, -6.824280399134066, 8.571512287725762]
incidentAngle: 0.31525516705685924
ExitAngle: 0.460755235287724

LensOnePos1: [14.480728462617874, 3.3779738524912806]
LensOnePos2: [17.826407889986182, 3.8682349835832626]
SourcesLensDistance:  final_simplex: (array([[14.48072846],
       [14.48072846]]), array([5.16316150e-13, 7.19546985e-13]))
           fun: 5.163161497655633e-13
       message: 'Optimization terminated successfully.'
          nfev: 86
           nit: 43
        status: 0
       success: True
             x: array([14.48072846])
SourcesLensDistance: 14.480728462524741

_name: beam3
_initialPos: [17.826407889986182, 3.8682349835832626]
theta: 3.1415926535890737
_gradient: -7.195469846370162e-13
_intercept: 3.8682349835960896
_beamEquation: [1, 1389763311292.954, -5375931059661.747]
incidentAngle: 0.017835131704580245
ExitAngle: 0.012436991599948708

_name: beam4
_initialPos: [62.14309811152535, 3.8682349835513743]
theta: 3.1361945134844422
_gradient: -0.005398192539746336
_intercept: 4.203695392173735
_beamEquation: [1, 185.24719017284082, -778.7227597427026]
incidentAngle: 0.005398140105351013
ExitAngle: 0.0077409726258147625

LensTwoPos1: [62.14309811152535, 3.8682349835513743]
LensTwoPos2: [64.48072846252474, 3.855616004829925]
LensOneTwoDistance: 50

_name: beam5
_initialPos: [64.48072846252474, 3.855616004829925]
theta: 3.1338516809639785
_gradient: -0.0077411272494039415
_intercept: 4.354769528992591
_beamEquation: [1, 129.18015268086427, -562.5497926452383]
incidentAngle: 0.007740972625814757
ExitAngle: 0.005398140105351009

_name: beam6
_initialPos: [115.78025945601998, 3.458499807574537]
theta: 3.1361945134844422
_gradient: -0.005398192539746336
_intercept: 4.083503940419919
_beamEquation: [1, 185.24719017284082, -756.4576310225136]
incidentAngle: 0.7907963035027994
ExitAngle: 0.7907963035027994

_name: beam7
_initialPos: [125.07191780924973, 3.4083416467702605]
theta: 1.5761944669002448
_gradient: -185.24719017293856
_intercept: 23172.629685350996
_beamEquation: [1, 0.005398192539743487, -125.09031669370022]
incidentAngle: 0.005398140105348004
ExitAngle: 0.007740972625810447

_name: beam8
_initialPos: [125.15887373895495, -12.6999999999987]
theta: 1.5785372994207103
_gradient: -129.18015268088217
_intercept: 16155.342418965456
_beamEquation: [1, 0.007741127249402869, -125.06056142288755]
incidentAngle: 0.007740972625813525
ExitAngle: 0.005305641969645499

_name: beam9
_initialPos: [127.2079501218719, -277.40000000000026]
theta: 1.5761019687645454
_gradient: -188.47683700181437
_intercept: 23698.35208045498
_beamEquation: [1, 0.0053056917545277645, -125.73615122916588]
incidentAngle: 0.005305641969648667
ExitAngle: 0.007740972625818146

_name: beam10
_initialPos: [127.2238512800602, -280.39699999999937]
theta: 1.5785372994207103
_gradient: -129.18015268088217
_intercept: 16154.399533008023
_beamEquation: [1, 0.007741127249402869, -125.05326242270938]
incidentAngle: nan
ExitAngle: nan
LensTwoPrismDistance:  final_simplex: (array([[51.29953099],
       [51.29953099]]), array([7.41147506e-13, 1.26244870e-12]))
           fun: 7.411475059146425e-13
       message: 'Optimization terminated successfully.'
          nfev: 94
           nit: 47
        status: 0
       success: True
             x: array([51.29953099])
LensTwoPrismDistance: 51.29953099349524
samplePosition: [128.48025945602004, -442.7000000000007]
targetPosition: [128.48025945602004, -442.7000000000007]